HQ/ACRO-0/12
   1.00000	   0.00000
   0.99488	   0.00050
   0.98688	   0.00124
   0.97846	   0.00205
   0.96961	   0.00291
   0.96033	   0.00383
   0.95062	   0.00482
   0.94049	   0.00587
   0.93001	   0.00697
   0.91921	   0.00813
   0.90811	   0.00936
   0.89676	   0.01064
   0.88518	   0.01196
   0.87341	   0.01333
   0.86148	   0.01474
   0.84943	   0.01615
   0.83728	   0.01758
   0.82505	   0.01902
   0.81278	   0.02046
   0.80050	   0.02190
   0.78820	   0.02335
   0.77588	   0.02482
   0.76353	   0.02627
   0.75114	   0.02774
   0.73871	   0.02921
   0.72625	   0.03065
   0.71380	   0.03210
   0.70136	   0.03353
   0.68891	   0.03496
   0.67645	   0.03635
   0.66399	   0.03773
   0.65155	   0.03910
   0.63915	   0.04043
   0.62681	   0.04174
   0.61450	   0.04299
   0.60226	   0.04422
   0.59007	   0.04538
   0.57791	   0.04652
   0.56582	   0.04760
   0.55375	   0.04864
   0.54174	   0.04965
   0.52978	   0.05061
   0.51780	   0.05156
   0.50583	   0.05244
   0.49384	   0.05329
   0.48189	   0.05410
   0.46993	   0.05486
   0.45800	   0.05558
   0.44610	   0.05624
   0.43422	   0.05686
   0.42240	   0.05743
   0.41061	   0.05794
   0.39889	   0.05842
   0.38723	   0.05883
   0.37564	   0.05918
   0.36412	   0.05948
   0.35269	   0.05972
   0.34134	   0.05988
   0.33008	   0.05998
   0.31888	   0.06000
   0.30776	   0.05996
   0.29675	   0.05986
   0.28583	   0.05969
   0.27504	   0.05946
   0.26438	   0.05917
   0.25388	   0.05881
   0.24353	   0.05837
   0.23334	   0.05787
   0.22334	   0.05732
   0.21355	   0.05670
   0.20399	   0.05604
   0.19467	   0.05534
   0.18563	   0.05459
   0.17687	   0.05382
   0.16844	   0.05301
   0.16031	   0.05218
   0.15252	   0.05133
   0.14506	   0.05043
   0.13792	   0.04953
   0.13110	   0.04862
   0.12460	   0.04769
   0.11839	   0.04676
   0.11249	   0.04584
   0.10687	   0.04492
   0.10153	   0.04402
   0.09644	   0.04311
   0.09161	   0.04221
   0.08701	   0.04131
   0.08263	   0.04042
   0.07845	   0.03953
   0.07447	   0.03864
   0.07066	   0.03776
   0.06703	   0.03688
   0.06355	   0.03601
   0.06022	   0.03514
   0.05703	   0.03428
   0.05398	   0.03341
   0.05104	   0.03256
   0.04823	   0.03168
   0.04552	   0.03082
   0.04292	   0.02996
   0.04041	   0.02911
   0.03800	   0.02824
   0.03568	   0.02738
   0.03343	   0.02652
   0.03127	   0.02564
   0.02919	   0.02477
   0.02717	   0.02391
   0.02522	   0.02303
   0.02334	   0.02216
   0.02152	   0.02129
   0.01977	   0.02040
   0.01808	   0.01949
   0.01645	   0.01857
   0.01489	   0.01764
   0.01338	   0.01670
   0.01192	   0.01573
   0.01052	   0.01476
   0.00918	   0.01377
   0.00790	   0.01276
   0.00668	   0.01172
   0.00553	   0.01064
   0.00444	   0.00955
   0.00342	   0.00843
   0.00247	   0.00728
   0.00163	   0.00608
   0.00094	   0.00481
   0.00043	   0.00347
   0.00012	   0.00209
   0.00001	   0.00069
   0.00001	  -0.00069
   0.00012	  -0.00209
   0.00043	  -0.00347
   0.00094	  -0.00481
   0.00163	  -0.00608
   0.00247	  -0.00728
   0.00342	  -0.00843
   0.00444	  -0.00955
   0.00553	  -0.01064
   0.00668	  -0.01172
   0.00790	  -0.01276
   0.00918	  -0.01377
   0.01052	  -0.01476
   0.01192	  -0.01573
   0.01338	  -0.01670
   0.01489	  -0.01764
   0.01645	  -0.01857
   0.01808	  -0.01949
   0.01977	  -0.02040
   0.02152	  -0.02129
   0.02334	  -0.02216
   0.02522	  -0.02303
   0.02717	  -0.02391
   0.02919	  -0.02477
   0.03127	  -0.02564
   0.03343	  -0.02652
   0.03568	  -0.02738
   0.03800	  -0.02824
   0.04041	  -0.02911
   0.04292	  -0.02996
   0.04552	  -0.03082
   0.04823	  -0.03168
   0.05104	  -0.03256
   0.05398	  -0.03341
   0.05703	  -0.03427
   0.06022	  -0.03514
   0.06355	  -0.03601
   0.06703	  -0.03688
   0.07066	  -0.03776
   0.07447	  -0.03864
   0.07845	  -0.03953
   0.08263	  -0.04042
   0.08701	  -0.04131
   0.09161	  -0.04221
   0.09644	  -0.04311
   0.10153	  -0.04402
   0.10687	  -0.04492
   0.11249	  -0.04584
   0.11839	  -0.04676
   0.12460	  -0.04769
   0.13110	  -0.04862
   0.13792	  -0.04953
   0.14506	  -0.05043
   0.15252	  -0.05133
   0.16031	  -0.05218
   0.16844	  -0.05301
   0.17687	  -0.05382
   0.18563	  -0.05459
   0.19467	  -0.05534
   0.20399	  -0.05604
   0.21355	  -0.05670
   0.22335	  -0.05732
   0.23334	  -0.05787
   0.24353	  -0.05837
   0.25388	  -0.05881
   0.26438	  -0.05916
   0.27504	  -0.05946
   0.28583	  -0.05969
   0.29675	  -0.05986
   0.30776	  -0.05996
   0.31888	  -0.06000
   0.33008	  -0.05998
   0.34134	  -0.05988
   0.35269	  -0.05972
   0.36412	  -0.05948
   0.37564	  -0.05918
   0.38723	  -0.05883
   0.39889	  -0.05842
   0.41061	  -0.05794
   0.42240	  -0.05743
   0.43422	  -0.05686
   0.44610	  -0.05624
   0.45800	  -0.05558
   0.46993	  -0.05486
   0.48189	  -0.05410
   0.49384	  -0.05329
   0.50583	  -0.05244
   0.51780	  -0.05156
   0.52978	  -0.05061
   0.54174	  -0.04965
   0.55375	  -0.04864
   0.56582	  -0.04760
   0.57791	  -0.04652
   0.59007	  -0.04538
   0.60226	  -0.04422
   0.61450	  -0.04299
   0.62681	  -0.04174
   0.63915	  -0.04043
   0.65155	  -0.03910
   0.66399	  -0.03773
   0.67645	  -0.03635
   0.68891	  -0.03496
   0.70136	  -0.03353
   0.71380	  -0.03210
   0.72625	  -0.03065
   0.73871	  -0.02921
   0.75114	  -0.02774
   0.76354	  -0.02627
   0.77589	  -0.02482
   0.78820	  -0.02335
   0.80050	  -0.02190
   0.81278	  -0.02046
   0.82505	  -0.01902
   0.83728	  -0.01758
   0.84943	  -0.01615
   0.86148	  -0.01474
   0.87341	  -0.01333
   0.88518	  -0.01196
   0.89676	  -0.01063
   0.90811	  -0.00936
   0.91921	  -0.00813
   0.93001	  -0.00697
   0.94049	  -0.00587
   0.95062	  -0.00482
   0.96033	  -0.00383
   0.96961	  -0.00291
   0.97846	  -0.00205
   0.98688	  -0.00124
   0.99488	  -0.00050
   1.00000	   0.00000
